import numpy as np


class TrainingCameraParameters():

    CameraModel = "Blender virtual camera"

    K_Intrinsic_Matrix = np.array([[2905.0,    0.0, 1328.0],
                                   [0.0, 2905.0,  747.0],
                                   [0.0,    0.0,    1.0]])

    RT_Matrix = np.array([[0.4430, 0.8918,  0.0919, -3.1169],
                          [-0.0735, 0.1382, -0.9877,  3.4298],
                          [-0.8935, 0.4308,  0.1268, 22.8607]])

    P_Matrix = np.array([[100.2657, 3162.7773,   435.1946, 21304.5625],
                         [-880.8749,  723.3470, -2774.5020, 27040.6016],
                         [-0.8935,    0.4308,     0.1268,    22.8607]])


class TestCameraParameters():

    Virtual_cameras_intrinsic_parameters = np.array([[1452.5000,    0.0000, 664.0000],
                                                     [0.0000, 1452.5000, 373.5000],
                                                     [0.0000,    0.0000,   1.0000]])

    Virtual_cameras_extrinsic_parameters = {
        "01.png":  np.array([[0.2913, 0.9525,  0.0890, -1.3233],
                             [0.0175, 0.0877, -0.9960,  0.9685],
                             [-0.9565, 0.2917,  0.0089, 14.2237]]),

        "02.png":  np.array([[0.2913, 0.9525,  0.0890, -2.6227],
                             [0.0175, 0.0877, -0.9960,  0.8488],
                             [-0.9565, 0.2917,  0.0089, 13.8257]]),

        "03.png":  np.array([[0.2913, 0.9525,  0.0890, -3.9088],
                             [0.0175, 0.0877, -0.9960,  0.7303],
                             [-0.9565, 0.2917,  0.0089, 13.4319]]),

        "04.png":  np.array([[0.1800, 0.9813,  0.0677, -3.7338],
                             [0.0097, 0.0670, -0.9977,  0.7392],
                             [-0.9836, 0.1803,  0.0025, 13.5298]]),

        "05.png":  np.array([[0.0769, 0.9913,  0.1070, -4.1106],
                             [0.0242, 0.1054, -0.9941,  0.3007],
                             [-0.9967, 0.0791, -0.0159, 13.7087]]),

        "06.png":  np.array([[0.0246, 0.9939,  0.1078, -3.4627],
                             [0.0850, 0.1054, -0.9908,  0.5560],
                             [-0.9961, 0.0335, -0.0818, 13.9900]]),

        "07.png":  np.array([[0.1232, 0.9872,  0.1010, -3.0297],
                             [0.1191, 0.0864, -0.9891,  0.2863],
                             [-0.9852, 0.1339, -0.1070, 13.8386]]),

        "08.png":  np.array([[0.1402, 0.9869,  0.0795, -1.6782],
                             [0.0735, 0.0697, -0.9949,  1.0638],
                             [-0.9874, 0.1453, -0.0627, 13.9923]]),

        "09.png":  np.array([[0.2847, 0.9541,  0.0928, -2.3137],
                             [0.1048, 0.0653, -0.9924,  0.7167],
                             [-0.9529, 0.2923, -0.0814, 14.0516]]),

        "10.png":  np.array([[0.4100, 0.9029,  0.1291, -2.8137],
                             [0.1093, 0.0918, -0.9898,  0.8442],
                             [-0.9055, 0.4199, -0.0611, 14.2592]]),

        "11.png":  np.array([[0.3017, 0.9494,  0.0876, -2.4362],
                             [-0.0706, 0.1138, -0.9910,  0.9075],
                             [-0.9508, 0.2929,  0.1013, 13.8560]]),

        "12.png":  np.array([[0.1428, 0.9864,  0.0819, -3.2867],
                             [-0.1051, 0.0974, -0.9897,  1.0323],
                             [-0.9842, 0.1327,  0.1176, 13.6109]]),

        "13.png":  np.array([[-0.0166,  0.9963,  0.0849, -2.6142],
                             [-0.1681,  0.0809, -0.9824,  1.7997],
                             [-0.9856, -0.0306,  0.1661, 13.9139]]),

        "14.png":  np.array([[0.3000, 0.9498,  0.0882, -3.7802],
                             [-0.0535, 0.1090, -0.9926,  0.5019],
                             [-0.9524, 0.2931,  0.0835, 13.4519]]),

        "15.png":  np.array([[0.3009, 0.9496,  0.0879, -0.9953],
                             [-0.0617, 0.1113, -0.9919,  0.9468],
                             [-0.9517, 0.2930,  0.0921, 14.3066]]),

        "16.png":  np.array([[-0.1628,  0.9830,  0.0845, -2.0993],
                             [-0.0912,  0.0702, -0.9934,  0.6707],
                             [-0.9824, -0.1695,  0.0782, 14.5087]]),

        "17.png":  np.array([[-0.0662,  0.9924,  0.1040, -3.4506],
                             [-0.0894,  0.0979, -0.9912,  1.5899],
                             [-0.9938, -0.0749,  0.0822, 14.1471]]),

        "18.png":  np.array([[-0.0194,  0.9942,  0.1053, -3.9242],
                             [-0.0041,  0.1053, -0.9944,  1.4608],
                             [-0.9998, -0.0197,  0.0020, 14.0459]]),

        "19.png":  np.array([[0.2913, 0.9525,  0.0890, -2.0038],
                             [0.0175, 0.0877, -0.9960,  0.9276],
                             [-0.9565, 0.2917,  0.0089, 16.4579]]),

        "20.png":  np.array([[0.1985, 0.9763,  0.0861, -2.3322],
                             [0.0123, 0.0854, -0.9963,  0.8381],
                             [-0.9800, 0.1988,  0.0049, 16.1114]]),

        "21.png":  np.array([[0.1412, 0.9798,  0.1413, -3.4238],
                             [0.0174, 0.1403, -0.9900,  0.5215],
                             [-0.9898, 0.1422,  0.0027, 16.1739]]),

        "22.png":  np.array([[0.4810, 0.8748,  0.0583, -3.9367],
                             [0.0310, 0.0495, -0.9983,  0.6735],
                             [-0.8762, 0.4820, -0.0033, 16.3948]]),

        "23.png":  np.array([[-0.0273,  0.9951,  0.0949, -3.0405],
                             [0.0017,  0.0950, -0.9955,  0.6013],
                             [-0.9996, -0.0270, -0.0043, 16.2020]]),

        "24.png":  np.array([[0.2170, 0.9730,  0.0790, -2.8093],
                             [0.0110, 0.0785, -0.9969,  1.8214],
                             [-0.9761, 0.2172,  0.0063, 13.7111]]),

        "25.png":  np.array([[0.2913, 0.9525,  0.0890, -2.6482],
                             [0.0175, 0.0877, -0.9960,  1.8458],
                             [-0.9565, 0.2917,  0.0089, 13.8362]]),

        "26.png":  np.array([[0.2734, 0.9602,  0.0563, -0.8474],
                             [0.1243, 0.0228, -0.9920,  0.2726],
                             [-0.9538, 0.2782, -0.1131, 14.4419]]),

        "27.png":  np.array([[0.4788, 0.8775,  0.0281, -1.8774],
                             [0.0062, 0.0287, -0.9996,  2.0231],
                             [-0.8779, 0.4788,  0.0083, 14.9070]]),

        "28.png":  np.array([[0.5465, 0.8374,  0.0060, -1.5779],
                             [-0.0027, 0.0089, -1.0000,  2.0540],
                             [-0.8374, 0.5465,  0.0072, 15.6493]]),

        "29.png":  np.array([[0.6885, 0.7245,  0.0327, -2.7094],
                             [0.0403, 0.0067, -0.9992,  1.4513],
                             [-0.7242, 0.6892, -0.0246, 16.8004]]),

        "30.png":  np.array([[0.6690, 0.7398,  0.0716, -0.7545],
                             [0.0621, 0.0403, -0.9973,  1.5537],
                             [-0.7406, 0.6717, -0.0190, 18.3154]]),

        "31.png":  np.array([[0.6873,  0.7257,  0.0321, -2.7155],
                             [0.0733, -0.0253, -0.9970,  1.7654],
                             [-0.7227,  0.6875, -0.0706, 16.9309]]),

        "32.png":  np.array([[0.6690, 0.7398,  0.0716, -0.8404],
                             [0.0621, 0.0403, -0.9973,  2.7501],
                             [-0.7406, 0.6717, -0.0190, 18.3382]]),

        "33.png":  np.array([[0.5473,  0.8369,  0.0062, -1.5995],
                             [0.0658, -0.0356, -0.9972,  1.8338],
                             [-0.8343,  0.5462, -0.0746, 15.8430]]),

        "34.png":  np.array([[0.4684,  0.8833,  0.0185, -1.7005],
                             [0.0816, -0.0225, -0.9964,  1.7476],
                             [-0.8797,  0.4683, -0.0826, 15.1401]]),

        "35.png":  np.array([[0.2892, 0.9532,  0.0883, -1.2456],
                             [0.1110, 0.0583, -0.9921,  1.6076],
                             [-0.9508, 0.2968, -0.0889, 14.5047]]),

        "36.png":  np.array([[0.2885, 0.9534,  0.0880, -2.6940],
                             [0.1464, 0.0469, -0.9881,  0.9629],
                             [-0.9462, 0.2979, -0.1261, 14.0948]]),

        "37.png":  np.array([[0.2894, 0.9531,  0.0884, -3.9415],
                             [0.1042, 0.0604, -0.9927,  1.5635],
                             [-0.9515, 0.2965, -0.0818, 13.6574]]),

        "38.png":  np.array([[0.5353, 0.8418,  0.0696, -2.8853],
                             [0.0031, 0.0804, -0.9968,  1.4637],
                             [-0.8446, 0.5338,  0.0404, 17.4006]]),

        "39.png":  np.array([[0.6042, 0.7947,  0.0582, -2.2689],
                             [0.0024, 0.0713, -0.9975,  1.5972],
                             [-0.7968, 0.6028,  0.0412, 18.6622]]),

        "40.png":  np.array([[0.5961, 0.8000,  0.0682,  0.4610],
                             [0.0075, 0.0794, -0.9968,  1.8446],
                             [-0.8029, 0.5947,  0.0413, 20.5828]]),

        "41.png":  np.array([[0.5961, 0.8000,  0.0682, -0.7770],
                             [0.0075, 0.0794, -0.9968,  1.7217],
                             [-0.8029, 0.5947,  0.0413, 19.6626]]),

        "42.png":  np.array([[0.5961, 0.8000,  0.0682, -0.6672],
                             [0.0075, 0.0794, -0.9968,  0.1179],
                             [-0.8029, 0.5947,  0.0413, 19.7292]]),

        "43.png":  np.array([[0.5884, 0.8064,  0.0590, -1.8253],
                             [-0.1245, 0.1625, -0.9788,  3.2635],
                             [-0.7989, 0.5686,  0.1960, 18.4711]]),

        "44.png":  np.array([[0.5353, 0.8418,  0.0696, -1.8535],
                             [0.0031, 0.0804, -0.9968,  1.5623],
                             [-0.8446, 0.5338,  0.0404, 18.0549]]),

        "45.png":  np.array([[0.5333, 0.8428,  0.0729, -2.7339],
                             [-0.0874, 0.1406, -0.9862,  1.7910],
                             [-0.8414, 0.5196,  0.1486, 17.3791]]),

        "46.png":  np.array([[0.5367, 0.8413,  0.0651, -4.0932],
                             [-0.1107, 0.1466, -0.9830,  1.9846],
                             [-0.8365, 0.5203,  0.1718, 16.5223]]),

        "47.png":  np.array([[0.4099, 0.9100,  0.0623, -3.3222],
                             [-0.0860, 0.1066, -0.9906,  1.1673],
                             [-0.9081, 0.4007,  0.1220, 16.2711]]),

        "48.png":  np.array([[0.4208, 0.9029,  0.0877, -5.0675],
                             [-0.0073, 0.1000, -0.9950, -0.3096],
                             [-0.9071, 0.4180,  0.0487, 15.5515]]),

        "49.png":  np.array([[0.1985, 0.9763,  0.0861, -3.1735],
                             [0.0123, 0.0854, -0.9963,  2.0818],
                             [-0.9800, 0.1988,  0.0049, 15.9566]]),

        "50.png":  np.array([[0.1985, 0.9763,  0.0861, -5.2641],
                             [0.0123, 0.0854, -0.9963,  1.8927],
                             [-0.9800, 0.1988,  0.0049, 15.5308]])

    }
